0,0,1,2019,06,29,09,00,02
0,0,1,2019,06,29,09,00,03
2,2,1,2019,06,29,09,21,04
2,2,1,2019,06,29,09,26,40
2,2,1,2019,06,29,10,06,55
2,1,1,2019,06,29,10,10,20
2,1,1,2019,06,29,10,29,37
2,1,1,2019,06,29,10,45,48
2,1,1,2019,06,29,10,45,52
2,2,1,2019,06,29,10,46,26
2,1,1,2019,06,29,10,59,50
2,1,1,2019,06,29,11,00,00
2,2,1,2019,06,29,11,00,11
2,2,1,2019,06,29,11,06,27
2,2,1,2019,06,29,11,10,53
2,2,1,2019,06,29,11,10,58
2,1,1,2019,06,29,11,11,04
2,1,1,2019,06,29,11,14,52
2,2,1,2019,06,29,11,14,57
2,0,1,2019,06,29,11,14,59
2,2,1,2019,06,29,11,15,11
2,0,1,2019,06,29,11,15,12
2,2,1,2019,06,29,11,19,23
2,0,1,2019,06,29,11,19,25
2,1,1,2019,06,29,11,19,34
2,1,1,2019,06,29,11,19,37
2,1,1,2019,06,29,11,23,08
2,1,1,2019,06,29,11,32,07
2,2,1,2019,06,29,11,34,32
2,1,1,2019,06,29,11,34,37
2,0,1,2019,06,29,11,34,38
2,1,1,2019,06,29,11,36,35
2,2,1,2019,06,29,11,38,18
2,0,1,2019,06,29,11,38,20
2,2,1,2019,06,29,11,38,22
1,2,1,2019,06,29,11,38,50
2,1,1,2019,06,29,12,39,42
2,1,1,2019,06,29,13,03,54
2,1,1,2019,06,29,13,45,11
2,1,1,2019,06,29,14,18,53
2,2,1,2019,06,29,14,18,58
2,0,1,2019,06,29,14,18,59
2,1,1,2019,06,29,14,35,29
2,1,1,2019,06,29,14,47,12
2,2,1,2019,06,29,14,47,18
2,1,1,2019,06,29,14,58,08
2,1,1,2019,06,29,14,58,59
2,1,1,2019,06,29,14,59,26
2,2,1,2019,06,29,15,00,12
2,0,1,2019,06,29,15,00,13
2,0,1,2019,06,29,15,00,14
2,1,1,2019,06,29,15,00,20
2,2,1,2019,06,29,15,00,30
2,0,1,2019,06,29,15,00,32
2,1,1,2019,06,29,15,00,33
2,2,1,2019,06,29,15,00,49
2,0,1,2019,06,29,15,00,50
2,0,1,2019,06,29,15,00,50
2,1,1,2019,06,29,15,00,52
2,1,1,2019,06,29,15,01,36
2,1,1,2019,06,29,15,03,17
2,0,1,2019,06,29,15,03,18
1,1,1,2019,06,29,15,03,50
1,1,1,2019,06,29,15,05,34
1,2,1,2019,06,29,15,05,40
1,2,1,2019,06,29,15,05,46
1,2,1,2019,06,29,15,05,54
1,2,1,2019,06,29,15,05,58
1,2,1,2019,06,29,15,06,14
1,2,1,2019,06,29,15,06,55
1,2,1,2019,06,29,15,07,34
1,2,1,2019,06,29,15,07,39
1,2,1,2019,06,29,15,07,45
1,2,1,2019,06,29,15,08,02
1,0,1,2019,06,29,15,08,10
2,0,1,2019,06,29,15,08,57
2,0,1,2019,06,29,15,26,06
2,0,1,2019,06,29,15,26,13
2,0,1,2019,06,29,15,26,14
1,0,1,2019,06,29,15,26,35
2,0,1,2019,06,29,15,35,56
2,0,1,2019,06,29,15,36,02
2,0,1,2019,06,29,15,36,05
2,0,1,2019,06,29,15,36,09
2,0,1,2019,06,29,15,36,15
2,0,1,2019,06,29,15,36,58
2,0,1,2019,06,29,15,37,34
2,0,1,2019,06,29,15,37,39
2,0,1,2019,06,29,15,37,40
2,0,1,2019,06,29,15,37,45
2,0,1,2019,06,29,15,40,46
2,0,1,2019,06,29,16,09,01
2,0,1,2019,06,29,16,09,02
2,0,1,2019,06,29,16,09,03
2,0,1,2019,06,29,16,09,05
2,0,1,2019,06,29,16,09,46
2,0,1,2019,06,29,16,09,53
2,0,1,2019,06,29,16,11,25
2,0,1,2019,06,29,16,11,53
2,0,1,2019,06,29,16,11,54
2,0,1,2019,06,29,16,14,00
2,0,1,2019,06,29,16,14,15
2,0,1,2019,06,29,16,14,24
2,0,1,2019,06,29,16,14,25
2,0,1,2019,06,29,16,14,27
2,0,1,2019,06,29,16,14,31
2,0,1,2019,06,29,16,14,33
2,0,1,2019,06,29,16,18,22
2,0,1,2019,06,29,16,18,51
2,0,1,2019,06,29,16,29,59
2,0,1,2019,06,29,16,33,40
2,0,1,2019,06,29,16,33,41
2,0,1,2019,06,29,16,33,55
2,0,1,2019,06,29,16,33,56
2,0,1,2019,06,29,16,34,03
2,0,1,2019,06,29,16,36,44
2,0,1,2019,06,29,16,44,29
2,0,1,2019,06,29,16,44,30
2,0,1,2019,06,29,16,44,39
2,0,1,2019,06,29,16,45,01
2,0,1,2019,06,29,16,45,12
2,0,1,2019,06,29,17,43,49
2,0,1,2019,06,29,17,51,21
2,0,1,2019,06,29,17,53,57
2,0,1,2019,06,29,17,56,06
2,0,1,2019,06,29,17,56,07
2,0,1,2019,06,29,17,56,08
2,0,1,2019,06,29,17,56,11
2,0,1,2019,06,29,18,07,12
2,0,1,2019,06,29,18,09,18
2,0,1,2019,06,29,18,19,59
2,0,1,2019,06,29,18,22,20
2,0,1,2019,06,29,18,22,24
2,0,1,2019,06,29,18,22,24
2,0,1,2019,06,29,18,35,45
2,0,1,2019,06,29,18,35,50
2,0,1,2019,06,29,18,36,58
2,0,1,2019,06,29,18,36,59
2,0,1,2019,06,29,18,37,19
2,0,1,2019,06,29,18,37,19
2,0,1,2019,06,29,18,37,21
2,0,1,2019,06,29,18,37,23
2,0,1,2019,06,29,18,38,27
2,0,1,2019,06,29,18,38,28
2,0,1,2019,06,29,18,38,47
2,0,1,2019,06,29,18,38,48
2,0,1,2019,06,29,18,39,02
2,0,1,2019,06,29,18,39,03
2,0,1,2019,06,29,18,40,50
2,0,1,2019,06,29,18,41,05
2,0,1,2019,06,29,18,41,05
2,0,1,2019,06,29,18,41,35
2,0,1,2019,06,29,18,41,58
2,0,1,2019,06,29,18,41,59
2,0,1,2019,06,29,18,42,06
2,0,1,2019,06,29,19,37,55
2,0,1,2019,06,29,19,37,56
2,0,1,2019,06,29,19,37,57
2,0,1,2019,06,29,19,54,10
2,0,1,2019,06,29,19,54,42
2,0,1,2019,06,29,19,55,37
2,0,1,2019,06,29,19,59,44
0,0,1,2019,06,29,20,15,02
0,0,1,2019,06,29,20,30,02
0,0,1,2019,06,29,20,45,02
