0,0,1,2019,07,27,09,00,02
0,0,1,2019,07,27,09,00,03
1,1,1,2019,07,27,09,09,33
1,1,1,2019,07,27,09,12,14
2,1,1,2019,07,27,09,12,37
2,0,1,2019,07,27,09,12,38
2,1,1,2019,07,27,09,12,57
2,0,1,2019,07,27,09,12,59
1,2,1,2019,07,27,09,13,14
1,1,1,2019,07,27,09,13,53
1,0,1,2019,07,27,09,13,54
1,1,1,2019,07,27,09,15,33
1,2,1,2019,07,27,09,15,39
2,1,1,2019,07,27,09,15,48
2,0,1,2019,07,27,09,15,49
2,1,1,2019,07,27,09,16,54
2,1,1,2019,07,27,09,29,01
2,2,1,2019,07,27,09,29,59
2,1,1,2019,07,27,09,38,55
2,2,1,2019,07,27,09,39,06
2,0,1,2019,07,27,09,39,06
2,1,1,2019,07,27,09,43,14
2,2,1,2019,07,27,09,43,31
2,1,1,2019,07,27,09,43,47
2,1,1,2019,07,27,09,43,54
2,1,1,2019,07,27,09,43,57
2,1,1,2019,07,27,09,44,00
2,1,1,2019,07,27,09,45,11
2,2,1,2019,07,27,09,45,44
2,1,1,2019,07,27,09,45,57
2,1,1,2019,07,27,09,57,07
2,2,1,2019,07,27,09,57,21
2,2,1,2019,07,27,09,59,27
2,0,1,2019,07,27,09,59,28
2,2,1,2019,07,27,10,00,36
2,0,1,2019,07,27,10,00,37
2,2,1,2019,07,27,10,13,47
1,1,1,2019,07,27,10,18,40
1,1,1,2019,07,27,10,18,45
1,0,1,2019,07,27,10,18,46
2,2,1,2019,07,27,10,19,28
2,0,1,2019,07,27,10,19,30
2,1,1,2019,07,27,10,41,21
2,2,1,2019,07,27,10,43,18
2,0,1,2019,07,27,10,43,19
1,1,1,2019,07,27,10,50,32
2,1,1,2019,07,27,10,51,58
2,0,1,2019,07,27,10,52,01
2,1,1,2019,07,27,10,54,34
2,2,1,2019,07,27,10,54,54
2,1,1,2019,07,27,10,56,42
2,2,1,2019,07,27,11,02,12
2,2,1,2019,07,27,11,03,42
2,1,1,2019,07,27,11,20,48
2,0,1,2019,07,27,11,20,50
2,1,1,2019,07,27,11,29,01
2,2,1,2019,07,27,11,29,04
2,0,1,2019,07,27,11,29,06
2,1,1,2019,07,27,11,29,07
2,2,1,2019,07,27,11,29,53
2,0,1,2019,07,27,11,29,53
2,0,1,2019,07,27,11,29,54
1,1,1,2019,07,27,11,30,54
1,0,1,2019,07,27,11,30,55
2,2,1,2019,07,27,11,31,38
2,0,1,2019,07,27,11,31,40
2,2,1,2019,07,27,11,36,09
1,1,1,2019,07,27,11,51,31
1,2,1,2019,07,27,11,53,47
1,2,1,2019,07,27,12,15,37
2,2,1,2019,07,27,12,15,49
2,2,1,2019,07,27,12,15,52
2,0,1,2019,07,27,12,15,53
1,2,1,2019,07,27,12,52,36
1,2,1,2019,07,27,12,54,49
1,2,1,2019,07,27,12,55,21
2,2,1,2019,07,27,12,56,29
2,0,1,2019,07,27,12,56,30
2,0,1,2019,07,27,12,56,31
2,2,1,2019,07,27,12,56,33
2,0,1,2019,07,27,12,56,35
2,2,1,2019,07,27,13,00,45
2,2,1,2019,07,27,13,04,41
2,0,1,2019,07,27,13,04,42
2,0,1,2019,07,27,13,04,48
2,0,1,2019,07,27,13,04,50
2,0,1,2019,07,27,13,04,51
1,0,1,2019,07,27,13,22,01
2,0,1,2019,07,27,13,28,44
2,0,1,2019,07,27,13,28,47
2,0,1,2019,07,27,13,28,48
2,0,1,2019,07,27,13,30,20
2,0,1,2019,07,27,13,32,54
1,0,1,2019,07,27,13,35,21
1,0,1,2019,07,27,13,36,03
2,0,1,2019,07,27,13,42,37
2,0,1,2019,07,27,13,43,26
2,0,1,2019,07,27,13,43,27
2,0,1,2019,07,27,13,45,31
2,0,1,2019,07,27,13,45,33
2,0,1,2019,07,27,13,45,34
2,0,1,2019,07,27,13,45,42
2,0,1,2019,07,27,14,25,43
2,0,1,2019,07,27,14,25,50
2,0,1,2019,07,27,14,47,33
2,0,1,2019,07,27,14,55,31
2,0,1,2019,07,27,14,55,35
2,0,1,2019,07,27,14,55,36
2,0,1,2019,07,27,15,00,46
2,0,1,2019,07,27,15,06,07
1,0,1,2019,07,27,15,08,32
2,0,1,2019,07,27,15,18,29
2,0,1,2019,07,27,15,22,05
2,0,1,2019,07,27,15,27,19
2,0,1,2019,07,27,15,27,26
2,0,1,2019,07,27,15,37,56
2,0,1,2019,07,27,15,37,56
1,0,1,2019,07,27,15,39,56
1,0,1,2019,07,27,15,40,13
2,0,1,2019,07,27,15,43,24
2,0,1,2019,07,27,15,43,25
1,0,1,2019,07,27,15,45,48
2,0,1,2019,07,27,16,05,29
2,0,1,2019,07,27,16,13,36
2,0,1,2019,07,27,16,13,50
2,0,1,2019,07,27,16,13,51
2,0,1,2019,07,27,16,13,52
2,0,1,2019,07,27,16,13,53
2,0,1,2019,07,27,16,13,53
2,0,1,2019,07,27,16,13,56
2,0,1,2019,07,27,16,14,07
2,0,1,2019,07,27,16,23,45
2,0,1,2019,07,27,16,24,00
2,0,1,2019,07,27,16,24,26
1,0,1,2019,07,27,16,29,18
2,0,1,2019,07,27,16,36,22
2,0,1,2019,07,27,16,39,32
2,0,1,2019,07,27,16,39,34
2,0,1,2019,07,27,16,39,35
2,0,1,2019,07,27,16,39,37
2,0,1,2019,07,27,16,39,39
2,0,1,2019,07,27,16,39,40
2,0,1,2019,07,27,16,39,41
2,0,1,2019,07,27,16,40,24
2,0,1,2019,07,27,16,40,25
2,0,1,2019,07,27,16,40,33
2,0,1,2019,07,27,16,40,35
2,0,1,2019,07,27,16,41,04
2,0,1,2019,07,27,16,41,08
2,0,1,2019,07,27,16,44,09
1,0,1,2019,07,27,16,44,59
1,0,1,2019,07,27,16,45,01
1,0,1,2019,07,27,16,45,01
1,0,1,2019,07,27,16,45,09
1,0,1,2019,07,27,16,45,09
1,0,1,2019,07,27,16,45,10
1,0,1,2019,07,27,16,45,14
1,0,1,2019,07,27,16,45,16
1,0,1,2019,07,27,16,45,34
1,0,1,2019,07,27,16,45,35
1,0,1,2019,07,27,16,45,36
1,0,1,2019,07,27,16,45,45
1,0,1,2019,07,27,16,45,53
1,0,1,2019,07,27,16,45,54
1,0,1,2019,07,27,16,45,55
1,0,1,2019,07,27,16,45,58
1,0,1,2019,07,27,16,45,59
1,0,1,2019,07,27,16,46,00
1,0,1,2019,07,27,16,46,04
1,0,1,2019,07,27,16,46,05
1,0,1,2019,07,27,16,46,09
1,0,1,2019,07,27,16,46,10
1,0,1,2019,07,27,16,46,13
2,0,1,2019,07,27,17,00,52
2,0,1,2019,07,27,17,00,53
2,0,1,2019,07,27,17,01,52
2,0,1,2019,07,27,17,01,53
2,0,1,2019,07,27,17,04,36
2,0,1,2019,07,27,17,04,37
2,0,1,2019,07,27,17,05,56
2,0,1,2019,07,27,17,06,25
2,0,1,2019,07,27,17,07,54
2,0,1,2019,07,27,17,07,55
2,0,1,2019,07,27,17,07,57
2,0,1,2019,07,27,17,08,00
2,0,1,2019,07,27,17,12,03
2,0,1,2019,07,27,17,15,12
2,0,1,2019,07,27,17,15,13
2,0,1,2019,07,27,17,15,14
1,0,1,2019,07,27,17,16,11
2,0,1,2019,07,27,17,17,05
2,0,1,2019,07,27,17,17,07
2,0,1,2019,07,27,17,17,11
2,0,1,2019,07,27,17,17,12
2,0,1,2019,07,27,17,17,13
2,0,1,2019,07,27,17,17,14
2,0,1,2019,07,27,17,17,15
2,0,1,2019,07,27,17,21,07
2,0,1,2019,07,27,17,21,08
2,0,1,2019,07,27,17,21,08
2,0,1,2019,07,27,17,21,15
2,0,1,2019,07,27,17,21,23
2,0,1,2019,07,27,17,25,07
2,0,1,2019,07,27,17,25,08
2,0,1,2019,07,27,17,37,55
2,0,1,2019,07,27,17,38,14
2,0,1,2019,07,27,17,38,21
2,0,1,2019,07,27,17,48,43
2,0,1,2019,07,27,17,48,44
2,0,1,2019,07,27,17,49,31
0,0,1,2019,07,27,20,15,03
0,0,1,2019,07,27,20,30,03
0,0,1,2019,07,27,20,45,03
