0,0,1,2019,07,23,09,00,02
0,0,1,2019,07,23,09,00,03
2,1,1,2019,07,23,09,06,49
2,1,1,2019,07,23,09,07,05
2,0,1,2019,07,23,09,07,06
2,1,1,2019,07,23,09,07,09
2,1,1,2019,07,23,09,07,59
2,2,1,2019,07,23,09,17,41
2,1,1,2019,07,23,09,19,23
2,1,1,2019,07,23,09,19,33
2,2,1,2019,07,23,09,20,03
2,1,1,2019,07,23,09,20,11
2,0,1,2019,07,23,09,20,12
2,0,1,2019,07,23,09,20,13
2,0,1,2019,07,23,09,20,14
2,1,1,2019,07,23,09,20,14
2,1,1,2019,07,23,09,20,25
2,2,1,2019,07,23,09,20,32
2,1,1,2019,07,23,09,20,36
2,0,1,2019,07,23,09,20,37
2,0,1,2019,07,23,09,20,38
2,2,1,2019,07,23,09,23,59
2,1,1,2019,07,23,09,26,04
2,2,1,2019,07,23,09,26,19
2,1,1,2019,07,23,09,27,46
2,0,1,2019,07,23,09,27,47
2,1,1,2019,07,23,09,28,10
2,1,1,2019,07,23,09,35,07
2,1,1,2019,07,23,09,36,14
1,1,1,2019,07,23,09,42,36
2,2,1,2019,07,23,09,43,22
2,1,1,2019,07,23,09,43,37
2,0,1,2019,07,23,09,43,38
2,1,1,2019,07,23,09,43,44
2,2,1,2019,07,23,09,43,54
1,2,1,2019,07,23,09,46,56
1,2,1,2019,07,23,09,46,59
1,2,1,2019,07,23,09,51,25
1,0,1,2019,07,23,09,51,26
1,0,1,2019,07,23,09,51,27
1,0,1,2019,07,23,09,51,28
2,1,1,2019,07,23,09,51,52
2,1,1,2019,07,23,09,51,56
2,0,1,2019,07,23,09,51,57
2,0,1,2019,07,23,09,51,57
2,2,1,2019,07,23,09,52,01
2,1,1,2019,07,23,09,52,47
2,2,1,2019,07,23,09,52,53
2,1,1,2019,07,23,09,53,11
2,1,1,2019,07,23,09,56,17
2,1,1,2019,07,23,09,56,42
2,2,1,2019,07,23,09,57,07
2,0,1,2019,07,23,09,57,08
2,0,1,2019,07,23,09,57,08
2,1,1,2019,07,23,09,57,13
2,0,1,2019,07,23,09,57,15
2,2,1,2019,07,23,09,57,38
2,2,1,2019,07,23,09,57,58
2,0,1,2019,07,23,09,57,59
2,0,1,2019,07,23,09,58,00
2,1,1,2019,07,23,10,08,22
2,1,1,2019,07,23,10,08,50
2,2,1,2019,07,23,10,15,38
2,1,1,2019,07,23,10,15,49
1,2,1,2019,07,23,10,17,27
2,1,1,2019,07,23,10,21,14
2,2,1,2019,07,23,10,21,22
1,2,1,2019,07,23,10,23,44
1,1,1,2019,07,23,10,24,17
2,2,1,2019,07,23,10,25,04
1,2,1,2019,07,23,10,28,12
1,2,1,2019,07,23,10,28,24
2,2,1,2019,07,23,10,29,14
2,2,1,2019,07,23,10,36,10
1,2,1,2019,07,23,10,46,53
2,2,1,2019,07,23,11,01,13
2,2,1,2019,07,23,11,05,55
2,0,1,2019,07,23,11,05,56
2,2,1,2019,07,23,11,05,59
2,2,1,2019,07,23,11,06,11
1,2,1,2019,07,23,11,07,14
2,0,1,2019,07,23,11,08,36
2,0,1,2019,07,23,11,09,44
2,0,1,2019,07,23,11,10,09
1,0,1,2019,07,23,11,12,49
1,0,1,2019,07,23,11,12,51
1,0,1,2019,07,23,11,12,53
1,0,1,2019,07,23,11,12,57
2,0,1,2019,07,23,11,13,42
2,0,1,2019,07,23,11,14,19
1,0,1,2019,07,23,11,16,39
2,0,1,2019,07,23,11,17,35
2,0,1,2019,07,23,11,18,21
2,0,1,2019,07,23,11,18,22
2,0,1,2019,07,23,11,19,02
2,0,1,2019,07,23,11,19,05
2,0,1,2019,07,23,11,20,32
1,0,1,2019,07,23,11,23,47
2,0,1,2019,07,23,11,24,42
2,0,1,2019,07,23,11,29,59
2,0,1,2019,07,23,11,30,24
2,0,1,2019,07,23,11,31,42
2,0,1,2019,07,23,11,31,56
2,0,1,2019,07,23,11,31,58
2,0,1,2019,07,23,11,35,26
2,0,1,2019,07,23,11,36,06
2,0,1,2019,07,23,11,39,56
1,0,1,2019,07,23,11,44,29
1,0,1,2019,07,23,11,44,30
1,0,1,2019,07,23,11,44,31
1,0,1,2019,07,23,11,44,53
1,0,1,2019,07,23,11,44,54
1,0,1,2019,07,23,11,44,56
2,0,1,2019,07,23,11,46,40
2,0,1,2019,07,23,11,46,43
2,0,1,2019,07,23,11,46,44
2,0,1,2019,07,23,11,46,44
2,0,1,2019,07,23,11,46,57
2,0,1,2019,07,23,11,46,57
2,0,1,2019,07,23,11,52,24
2,0,1,2019,07,23,11,52,52
2,0,1,2019,07,23,11,52,52
2,0,1,2019,07,23,12,03,09
2,0,1,2019,07,23,12,03,11
2,0,1,2019,07,23,12,03,11
2,0,1,2019,07,23,12,03,18
2,0,1,2019,07,23,12,03,19
2,0,1,2019,07,23,12,03,19
2,0,1,2019,07,23,12,03,21
2,0,1,2019,07,23,12,03,40
2,0,1,2019,07,23,12,04,15
2,0,1,2019,07,23,12,04,18
2,0,1,2019,07,23,12,04,23
2,0,1,2019,07,23,12,04,28
2,0,1,2019,07,23,12,06,11
2,0,1,2019,07,23,12,07,01
2,0,1,2019,07,23,12,07,02
2,0,1,2019,07,23,12,07,21
2,0,1,2019,07,23,12,07,35
2,0,1,2019,07,23,12,07,45
1,0,1,2019,07,23,12,08,02
1,0,1,2019,07,23,12,08,04
1,0,1,2019,07,23,12,08,05
1,0,1,2019,07,23,12,08,06
1,0,1,2019,07,23,12,08,07
2,0,1,2019,07,23,12,16,39
2,0,1,2019,07,23,12,16,59
2,0,1,2019,07,23,12,17,04
2,0,1,2019,07,23,12,17,07
2,0,1,2019,07,23,12,17,21
2,0,1,2019,07,23,12,18,35
2,0,1,2019,07,23,12,24,30
2,0,1,2019,07,23,12,24,35
2,0,1,2019,07,23,12,27,07
2,0,1,2019,07,23,12,28,31
2,0,1,2019,07,23,12,29,24
2,0,1,2019,07,23,12,29,38
2,0,1,2019,07,23,12,29,40
2,0,1,2019,07,23,12,29,41
2,0,1,2019,07,23,12,29,42
2,0,1,2019,07,23,12,34,22
2,0,1,2019,07,23,12,34,23
2,0,1,2019,07,23,12,38,22
2,0,1,2019,07,23,12,38,25
2,0,1,2019,07,23,12,38,26
1,0,1,2019,07,23,12,38,46
1,0,1,2019,07,23,12,38,48
1,0,1,2019,07,23,12,38,49
1,0,1,2019,07,23,12,38,49
2,0,1,2019,07,23,12,39,44
2,0,1,2019,07,23,12,39,45
2,0,1,2019,07,23,12,39,46
2,0,1,2019,07,23,12,39,47
2,0,1,2019,07,23,12,44,41
2,0,1,2019,07,23,12,44,43
1,0,1,2019,07,23,12,55,10
1,0,1,2019,07,23,12,55,25
1,0,1,2019,07,23,12,55,26
1,0,1,2019,07,23,12,55,46
1,0,1,2019,07,23,12,55,47
1,0,1,2019,07,23,12,55,47
1,0,1,2019,07,23,12,56,14
1,0,1,2019,07,23,12,56,15
1,0,1,2019,07,23,12,56,16
1,0,1,2019,07,23,12,56,23
1,0,1,2019,07,23,12,56,24
1,0,1,2019,07,23,12,56,25
1,0,1,2019,07,23,12,56,31
1,0,1,2019,07,23,12,56,31
1,0,1,2019,07,23,12,56,32
1,0,1,2019,07,23,12,56,33
1,0,1,2019,07,23,12,56,58
1,0,1,2019,07,23,12,56,59
1,0,1,2019,07,23,12,56,59
1,0,1,2019,07,23,12,57,00
1,0,1,2019,07,23,12,57,03
2,0,1,2019,07,23,12,57,23
2,0,1,2019,07,23,12,57,25
1,0,1,2019,07,23,12,58,33
1,0,1,2019,07,23,12,58,35
1,0,1,2019,07,23,12,58,37
1,0,1,2019,07,23,12,58,39
1,0,1,2019,07,23,12,58,40
1,0,1,2019,07,23,12,58,42
1,0,1,2019,07,23,12,58,44
2,0,1,2019,07,23,13,01,31
2,0,1,2019,07,23,13,03,37
1,0,1,2019,07,23,13,12,43
2,0,1,2019,07,23,13,13,23
2,0,1,2019,07,23,13,13,41
2,0,1,2019,07,23,13,13,44
2,0,1,2019,07,23,13,13,44
2,0,1,2019,07,23,13,14,51
2,0,1,2019,07,23,13,15,54
2,0,1,2019,07,23,13,15,56
2,0,1,2019,07,23,13,16,02
2,0,1,2019,07,23,13,16,06
2,0,1,2019,07,23,13,16,09
2,0,1,2019,07,23,13,16,11
2,0,1,2019,07,23,13,19,56
1,0,1,2019,07,23,13,22,12
1,0,1,2019,07,23,13,22,13
1,0,1,2019,07,23,13,22,14
1,0,1,2019,07,23,13,23,44
2,0,1,2019,07,23,13,26,09
1,0,1,2019,07,23,13,27,27
1,0,1,2019,07,23,13,27,28
2,0,1,2019,07,23,13,28,17
2,0,1,2019,07,23,13,28,17
2,0,1,2019,07,23,13,28,25
2,0,1,2019,07,23,13,28,26
2,0,1,2019,07,23,13,43,16
2,0,1,2019,07,23,13,43,17
2,0,1,2019,07,23,13,43,30
2,0,1,2019,07,23,13,43,32
2,0,1,2019,07,23,13,44,58
2,0,1,2019,07,23,13,50,04
2,0,1,2019,07,23,13,50,06
2,0,1,2019,07,23,13,56,24
2,0,1,2019,07,23,13,56,24
2,0,1,2019,07,23,13,56,26
1,0,1,2019,07,23,13,56,36
2,0,1,2019,07,23,13,57,38
2,0,1,2019,07,23,13,58,42
2,0,1,2019,07,23,13,58,42
2,0,1,2019,07,23,13,58,53
2,0,1,2019,07,23,13,59,17
2,0,1,2019,07,23,14,08,50
2,0,1,2019,07,23,14,15,48
2,0,1,2019,07,23,14,15,50
2,0,1,2019,07,23,14,16,25
2,0,1,2019,07,23,14,16,39
2,0,1,2019,07,23,14,18,12
2,0,1,2019,07,23,14,18,13
2,0,1,2019,07,23,14,18,14
2,0,1,2019,07,23,14,19,29
2,0,1,2019,07,23,14,19,34
2,0,1,2019,07,23,14,22,27
2,0,1,2019,07,23,14,22,27
2,0,1,2019,07,23,14,22,35
1,0,1,2019,07,23,14,24,02
2,0,1,2019,07,23,14,24,25
2,0,1,2019,07,23,14,24,25
2,0,1,2019,07,23,14,30,28
2,0,1,2019,07,23,14,30,29
2,0,1,2019,07,23,14,31,17
1,0,1,2019,07,23,14,35,18
1,0,1,2019,07,23,14,36,24
1,0,1,2019,07,23,14,36,38
1,0,1,2019,07,23,14,36,39
2,0,1,2019,07,23,14,37,19
2,0,1,2019,07,23,14,37,59
2,0,1,2019,07,23,14,38,03
2,0,1,2019,07,23,14,38,04
2,0,1,2019,07,23,14,38,59
2,0,1,2019,07,23,14,39,01
2,0,1,2019,07,23,14,39,02
2,0,1,2019,07,23,14,39,03
1,0,1,2019,07,23,14,40,07
1,0,1,2019,07,23,14,40,41
1,0,1,2019,07,23,14,40,56
2,0,1,2019,07,23,14,42,03
2,0,1,2019,07,23,14,42,04
2,0,1,2019,07,23,14,42,05
2,0,1,2019,07,23,14,43,18
2,0,1,2019,07,23,14,43,32
2,0,1,2019,07,23,14,43,32
2,0,1,2019,07,23,14,43,43
2,0,1,2019,07,23,14,43,50
2,0,1,2019,07,23,14,43,54
1,0,1,2019,07,23,14,48,58
2,0,1,2019,07,23,14,50,32
2,0,1,2019,07,23,14,51,57
2,0,1,2019,07,23,14,52,01
2,0,1,2019,07,23,14,52,04
2,0,1,2019,07,23,14,52,06
2,0,1,2019,07,23,14,52,07
2,0,1,2019,07,23,14,53,56
2,0,1,2019,07,23,14,55,38
2,0,1,2019,07,23,14,56,32
2,0,1,2019,07,23,14,56,33
2,0,1,2019,07,23,14,56,34
2,0,1,2019,07,23,14,56,35
2,0,1,2019,07,23,14,58,02
2,0,1,2019,07,23,15,00,13
2,0,1,2019,07,23,15,11,51
2,0,1,2019,07,23,15,11,51
2,0,1,2019,07,23,15,17,39
2,0,1,2019,07,23,15,17,40
2,0,1,2019,07,23,15,18,06
2,0,1,2019,07,23,15,18,07
2,0,1,2019,07,23,15,18,08
2,0,1,2019,07,23,15,18,10
2,0,1,2019,07,23,15,18,11
2,0,1,2019,07,23,15,18,23
2,0,1,2019,07,23,15,24,54
2,0,1,2019,07,23,15,28,05
2,0,1,2019,07,23,15,28,05
2,0,1,2019,07,23,15,28,07
2,0,1,2019,07,23,15,29,34
2,0,1,2019,07,23,15,29,46
2,0,1,2019,07,23,15,29,47
2,0,1,2019,07,23,15,29,52
2,0,1,2019,07,23,15,29,59
2,0,1,2019,07,23,15,30,01
2,0,1,2019,07,23,15,30,02
2,0,1,2019,07,23,15,31,15
2,0,1,2019,07,23,15,31,18
2,0,1,2019,07,23,15,34,47
2,0,1,2019,07,23,15,39,16
1,0,1,2019,07,23,15,45,13
2,0,1,2019,07,23,15,46,42
2,0,1,2019,07,23,15,47,38
2,0,1,2019,07,23,15,50,31
2,0,1,2019,07,23,15,50,31
2,0,1,2019,07,23,15,50,32
2,0,1,2019,07,23,15,50,36
2,0,1,2019,07,23,15,50,49
2,0,1,2019,07,23,15,50,49
2,0,1,2019,07,23,15,50,50
2,0,1,2019,07,23,15,51,00
2,0,1,2019,07,23,15,51,03
1,0,1,2019,07,23,15,52,24
1,0,1,2019,07,23,15,52,27
1,0,1,2019,07,23,15,57,33
1,0,1,2019,07,23,15,57,35
1,0,1,2019,07,23,15,57,35
1,0,1,2019,07,23,15,57,36
1,0,1,2019,07,23,15,57,44
1,0,1,2019,07,23,15,57,45
1,0,1,2019,07,23,15,57,45
1,0,1,2019,07,23,15,58,12
1,0,1,2019,07,23,15,58,14
1,0,1,2019,07,23,15,58,15
1,0,1,2019,07,23,15,58,16
1,0,1,2019,07,23,15,58,18
1,0,1,2019,07,23,15,58,20
1,0,1,2019,07,23,15,58,21
2,0,1,2019,07,23,16,00,04
2,0,1,2019,07,23,16,00,22
2,0,1,2019,07,23,16,00,24
1,0,1,2019,07,23,16,07,40
2,0,1,2019,07,23,16,09,19
1,0,1,2019,07,23,16,11,14
1,0,1,2019,07,23,16,11,15
1,0,1,2019,07,23,16,11,15
2,0,1,2019,07,23,16,12,40
2,0,1,2019,07,23,16,12,41
2,0,1,2019,07,23,16,23,33
2,0,1,2019,07,23,16,23,36
2,0,1,2019,07,23,16,23,42
2,0,1,2019,07,23,16,26,46
2,0,1,2019,07,23,16,26,57
2,0,1,2019,07,23,16,27,07
2,0,1,2019,07,23,16,27,08
2,0,1,2019,07,23,16,52,41
2,0,1,2019,07,23,16,52,47
2,0,1,2019,07,23,16,55,47
2,0,1,2019,07,23,18,58,57
0,0,1,2019,07,23,20,15,03
0,0,1,2019,07,23,20,30,03
0,0,1,2019,07,23,20,45,03
