0,0,1,2019,07,01,09,00,01
0,0,1,2019,07,01,09,00,02
1,2,1,2019,07,01,09,00,24
2,1,1,2019,07,01,09,02,33
2,1,1,2019,07,01,09,09,41
2,1,1,2019,07,01,09,10,07
2,1,1,2019,07,01,09,11,08
2,2,1,2019,07,01,09,18,49
2,1,1,2019,07,01,09,26,44
2,0,1,2019,07,01,09,26,46
2,1,1,2019,07,01,09,37,16
2,2,1,2019,07,01,09,37,37
2,2,1,2019,07,01,09,39,10
1,2,1,2019,07,01,09,39,47
1,2,1,2019,07,01,09,47,00
1,1,1,2019,07,01,09,47,16
2,2,1,2019,07,01,09,48,35
1,2,1,2019,07,01,09,56,35
2,2,1,2019,07,01,10,01,43
2,2,1,2019,07,01,10,01,50
2,2,1,2019,07,01,10,03,28
2,2,1,2019,07,01,10,06,31
2,2,1,2019,07,01,10,06,37
2,1,1,2019,07,01,10,08,10
2,1,1,2019,07,01,10,20,30
2,2,1,2019,07,01,10,20,38
2,1,1,2019,07,01,10,26,12
2,1,1,2019,07,01,10,28,30
2,1,1,2019,07,01,10,28,36
2,1,1,2019,07,01,10,31,41
2,0,1,2019,07,01,10,31,42
2,1,1,2019,07,01,10,31,46
2,1,1,2019,07,01,10,31,57
2,1,1,2019,07,01,10,32,02
2,1,1,2019,07,01,10,34,40
2,1,1,2019,07,01,10,36,59
2,2,1,2019,07,01,10,39,23
1,1,1,2019,07,01,10,41,42
1,1,1,2019,07,01,10,46,00
2,2,1,2019,07,01,10,48,36
2,2,1,2019,07,01,10,49,05
2,2,1,2019,07,01,10,57,59
1,2,1,2019,07,01,11,02,44
1,1,1,2019,07,01,11,03,08
1,1,1,2019,07,01,11,03,23
1,2,1,2019,07,01,11,04,53
1,2,1,2019,07,01,11,05,01
2,2,1,2019,07,01,11,10,55
2,1,1,2019,07,01,11,11,05
2,2,1,2019,07,01,11,15,13
2,2,1,2019,07,01,11,23,48
2,1,1,2019,07,01,11,24,05
2,2,1,2019,07,01,11,24,09
2,1,1,2019,07,01,11,24,14
2,1,1,2019,07,01,11,27,02
2,2,1,2019,07,01,11,27,17
2,0,1,2019,07,01,11,27,18
2,2,1,2019,07,01,11,28,27
2,1,1,2019,07,01,11,30,55
2,1,1,2019,07,01,11,36,51
2,1,1,2019,07,01,11,37,08
2,2,1,2019,07,01,11,37,24
2,1,1,2019,07,01,11,38,36
2,2,1,2019,07,01,11,39,07
2,2,1,2019,07,01,11,41,23
2,0,1,2019,07,01,11,41,25
2,0,1,2019,07,01,11,44,23
2,0,1,2019,07,01,11,44,35
2,0,1,2019,07,01,11,45,40
2,0,1,2019,07,01,11,45,42
2,0,1,2019,07,01,11,45,43
2,0,1,2019,07,01,11,45,53
2,0,1,2019,07,01,11,45,58
2,0,1,2019,07,01,11,45,59
2,0,1,2019,07,01,11,46,13
2,0,1,2019,07,01,11,46,19
2,0,1,2019,07,01,11,46,36
2,0,1,2019,07,01,11,50,20
2,0,1,2019,07,01,11,50,22
2,0,1,2019,07,01,11,50,24
2,0,1,2019,07,01,11,51,09
2,0,1,2019,07,01,11,51,13
2,0,1,2019,07,01,11,51,26
2,0,1,2019,07,01,11,51,33
2,0,1,2019,07,01,11,51,33
2,0,1,2019,07,01,11,51,45
2,0,1,2019,07,01,11,51,51
2,0,1,2019,07,01,11,55,42
2,0,1,2019,07,01,12,05,40
2,0,1,2019,07,01,12,05,46
2,0,1,2019,07,01,12,05,47
2,0,1,2019,07,01,12,19,46
2,0,1,2019,07,01,12,20,38
2,0,1,2019,07,01,12,24,21
2,0,1,2019,07,01,12,24,24
2,0,1,2019,07,01,12,24,33
2,0,1,2019,07,01,12,24,34
2,0,1,2019,07,01,12,24,38
2,0,1,2019,07,01,12,24,52
2,0,1,2019,07,01,12,27,07
2,0,1,2019,07,01,12,30,24
2,0,1,2019,07,01,12,30,50
2,0,1,2019,07,01,12,31,01
2,0,1,2019,07,01,12,35,37
2,0,1,2019,07,01,12,35,39
2,0,1,2019,07,01,12,36,41
2,0,1,2019,07,01,12,52,31
2,0,1,2019,07,01,12,52,31
2,0,1,2019,07,01,12,56,08
2,0,1,2019,07,01,12,56,09
2,0,1,2019,07,01,13,09,45
2,0,1,2019,07,01,13,13,15
2,0,1,2019,07,01,13,13,35
2,0,1,2019,07,01,13,16,02
2,0,1,2019,07,01,13,16,18
2,0,1,2019,07,01,13,21,59
2,0,1,2019,07,01,13,27,05
2,0,1,2019,07,01,13,27,10
2,0,1,2019,07,01,13,28,31
2,0,1,2019,07,01,13,32,07
2,0,1,2019,07,01,13,32,42
2,0,1,2019,07,01,13,40,31
2,0,1,2019,07,01,13,42,19
2,0,1,2019,07,01,13,46,53
2,0,1,2019,07,01,13,46,55
2,0,1,2019,07,01,13,47,11
2,0,1,2019,07,01,13,47,13
2,0,1,2019,07,01,13,47,55
2,0,1,2019,07,01,13,48,07
2,0,1,2019,07,01,13,48,32
2,0,1,2019,07,01,13,49,30
2,0,1,2019,07,01,13,49,32
2,0,1,2019,07,01,13,49,57
2,0,1,2019,07,01,13,49,57
2,0,1,2019,07,01,13,50,14
2,0,1,2019,07,01,13,51,42
2,0,1,2019,07,01,13,53,14
2,0,1,2019,07,01,13,59,45
2,0,1,2019,07,01,13,59,52
2,0,1,2019,07,01,14,02,53
2,0,1,2019,07,01,14,24,00
2,0,1,2019,07,01,14,24,24
2,0,1,2019,07,01,14,27,14
2,0,1,2019,07,01,14,29,16
2,0,1,2019,07,01,14,31,04
2,0,1,2019,07,01,14,36,57
2,0,1,2019,07,01,14,49,27
2,0,1,2019,07,01,14,49,37
2,0,1,2019,07,01,14,49,39
2,0,1,2019,07,01,14,49,40
2,0,1,2019,07,01,14,49,59
2,0,1,2019,07,01,14,50,00
2,0,1,2019,07,01,14,59,25
2,0,1,2019,07,01,15,01,20
2,0,1,2019,07,01,15,01,52
2,0,1,2019,07,01,15,09,58
2,0,1,2019,07,01,15,10,11
2,0,1,2019,07,01,15,13,55
2,0,1,2019,07,01,15,16,04
2,0,1,2019,07,01,15,19,02
2,0,1,2019,07,01,15,19,02
2,0,1,2019,07,01,15,22,37
2,0,1,2019,07,01,15,24,11
2,0,1,2019,07,01,15,25,41
2,0,1,2019,07,01,15,38,41
2,0,1,2019,07,01,15,43,17
2,0,1,2019,07,01,15,47,32
2,0,1,2019,07,01,15,49,40
2,0,1,2019,07,01,15,53,04
1,0,1,2019,07,01,15,58,43
2,0,1,2019,07,01,16,05,34
2,0,1,2019,07,01,16,06,45
2,0,1,2019,07,01,16,08,15
2,0,1,2019,07,01,16,30,14
2,0,1,2019,07,01,16,43,42
2,0,1,2019,07,01,16,44,09
2,0,1,2019,07,01,16,44,09
2,0,1,2019,07,01,16,44,34
2,0,1,2019,07,01,16,58,46
2,0,1,2019,07,01,17,00,12
2,0,1,2019,07,01,17,06,44
2,0,1,2019,07,01,17,10,54
2,0,1,2019,07,01,17,11,10
2,0,1,2019,07,01,17,11,13
2,0,1,2019,07,01,17,11,38
2,0,1,2019,07,01,17,12,27
2,0,1,2019,07,01,17,13,25
2,0,1,2019,07,01,17,36,41
2,0,1,2019,07,01,17,36,50
2,0,1,2019,07,01,17,37,46
2,0,1,2019,07,01,17,38,11
2,0,1,2019,07,01,17,38,12
2,0,1,2019,07,01,17,41,53
2,0,1,2019,07,01,17,47,40
2,0,1,2019,07,01,17,47,41
2,0,1,2019,07,01,17,47,43
1,0,1,2019,07,01,17,50,39
1,0,1,2019,07,01,17,53,47
2,0,1,2019,07,01,17,57,45
2,0,1,2019,07,01,17,57,46
2,0,1,2019,07,01,18,02,01
2,0,1,2019,07,01,18,12,04
2,0,1,2019,07,01,18,25,30
2,0,1,2019,07,01,18,50,23
2,0,1,2019,07,01,18,50,25
2,0,1,2019,07,01,19,59,53
0,0,1,2019,07,01,20,15,02
0,0,1,2019,07,01,20,30,02
0,0,1,2019,07,01,20,45,02
